{
 "cells": [
  {
   "cell_type": "markdown",
   "metadata": {},
   "source": [
    "Notebook for STM double tip simulation"
   ]
  },
  {
   "cell_type": "code",
   "execution_count": null,
   "metadata": {},
   "outputs": [],
   "source": [
    "import torch\n",
    "import torch.nn as nn\n",
    "import numpy as np\n",
    "from torch.utils.data import Dataset, DataLoader\n",
    "import torchvision.transforms.functional as F\n",
    "import torchvision.transforms as transforms\n",
    "import os\n",
    "import random\n",
    "from scipy.ndimage import gaussian_filter, median_filter\n",
    "from matplotlib import pyplot as plt\n",
    "import tqdm\n",
    "\n",
    "from pathlib import Path"
   ]
  },
  {
   "cell_type": "code",
   "execution_count": 12,
   "metadata": {},
   "outputs": [
    {
     "name": "stdout",
     "output_type": "stream",
     "text": [
      "Kernel shape: (16, 16)\n",
      "[[8.95531804e-09 2.96559404e-07 3.61283315e-06 1.61915949e-05\n",
      "  2.66954268e-05 1.61915949e-05 3.61283315e-06 2.96559404e-07\n",
      "  8.95531804e-09 0.00000000e+00 0.00000000e+00 0.00000000e+00\n",
      "  0.00000000e+00 0.00000000e+00 0.00000000e+00 0.00000000e+00]\n",
      " [2.96559404e-07 9.82069871e-06 1.19640603e-04 5.36191982e-04\n",
      "  8.84031125e-04 5.36191982e-04 1.19640603e-04 9.82069871e-06\n",
      "  2.96559404e-07 0.00000000e+00 0.00000000e+00 0.00000000e+00\n",
      "  0.00000000e+00 0.00000000e+00 0.00000000e+00 0.00000000e+00]\n",
      " [3.61283315e-06 1.19640603e-04 1.45752092e-03 6.53215558e-03\n",
      "  1.07697038e-02 6.53215558e-03 1.45752092e-03 1.19640603e-04\n",
      "  3.61283315e-06 0.00000000e+00 0.00000000e+00 0.00000000e+00\n",
      "  0.00000000e+00 0.00000000e+00 0.00000000e+00 0.00000000e+00]\n",
      " [1.61915949e-05 5.36191982e-04 6.53215558e-03 2.92750903e-02\n",
      "  4.82664640e-02 2.92750903e-02 6.53215558e-03 5.36191982e-04\n",
      "  1.61915949e-05 0.00000000e+00 0.00000000e+00 0.00000000e+00\n",
      "  0.00000000e+00 0.00000000e+00 0.00000000e+00 0.00000000e+00]\n",
      " [2.66954268e-05 8.84031125e-04 1.07697038e-02 4.82664640e-02\n",
      "  7.95779459e-02 4.82664640e-02 1.07697038e-02 8.84031125e-04\n",
      "  2.66954268e-05 0.00000000e+00 0.00000000e+00 0.00000000e+00\n",
      "  0.00000000e+00 0.00000000e+00 0.00000000e+00 0.00000000e+00]\n",
      " [1.61915949e-05 5.36191982e-04 6.53215558e-03 2.92750903e-02\n",
      "  4.82664640e-02 2.92750903e-02 6.53215558e-03 5.36191982e-04\n",
      "  1.61915949e-05 0.00000000e+00 0.00000000e+00 0.00000000e+00\n",
      "  0.00000000e+00 0.00000000e+00 0.00000000e+00 0.00000000e+00]\n",
      " [3.61283315e-06 1.19640603e-04 1.45752092e-03 6.53215558e-03\n",
      "  1.07697038e-02 6.53215558e-03 1.45752092e-03 1.19640603e-04\n",
      "  3.61283315e-06 0.00000000e+00 0.00000000e+00 0.00000000e+00\n",
      "  0.00000000e+00 0.00000000e+00 0.00000000e+00 0.00000000e+00]\n",
      " [2.96559404e-07 9.82069871e-06 1.19640603e-04 5.36191982e-04\n",
      "  8.84031125e-04 5.36191982e-04 1.19640603e-04 9.82965403e-06\n",
      "  5.93118809e-07 3.61283315e-06 1.61915949e-05 2.66954268e-05\n",
      "  1.61915949e-05 3.61283315e-06 2.96559404e-07 8.95531804e-09]\n",
      " [8.95531804e-09 2.96559404e-07 3.61283315e-06 1.61915949e-05\n",
      "  2.66954268e-05 1.61915949e-05 3.61283315e-06 5.93118809e-07\n",
      "  9.82965403e-06 1.19640603e-04 5.36191982e-04 8.84031125e-04\n",
      "  5.36191982e-04 1.19640603e-04 9.82069871e-06 2.96559404e-07]\n",
      " [0.00000000e+00 0.00000000e+00 0.00000000e+00 0.00000000e+00\n",
      "  0.00000000e+00 0.00000000e+00 0.00000000e+00 3.61283315e-06\n",
      "  1.19640603e-04 1.45752092e-03 6.53215558e-03 1.07697038e-02\n",
      "  6.53215558e-03 1.45752092e-03 1.19640603e-04 3.61283315e-06]\n",
      " [0.00000000e+00 0.00000000e+00 0.00000000e+00 0.00000000e+00\n",
      "  0.00000000e+00 0.00000000e+00 0.00000000e+00 1.61915949e-05\n",
      "  5.36191982e-04 6.53215558e-03 2.92750903e-02 4.82664640e-02\n",
      "  2.92750903e-02 6.53215558e-03 5.36191982e-04 1.61915949e-05]\n",
      " [0.00000000e+00 0.00000000e+00 0.00000000e+00 0.00000000e+00\n",
      "  0.00000000e+00 0.00000000e+00 0.00000000e+00 2.66954268e-05\n",
      "  8.84031125e-04 1.07697038e-02 4.82664640e-02 7.95779459e-02\n",
      "  4.82664640e-02 1.07697038e-02 8.84031125e-04 2.66954268e-05]\n",
      " [0.00000000e+00 0.00000000e+00 0.00000000e+00 0.00000000e+00\n",
      "  0.00000000e+00 0.00000000e+00 0.00000000e+00 1.61915949e-05\n",
      "  5.36191982e-04 6.53215558e-03 2.92750903e-02 4.82664640e-02\n",
      "  2.92750903e-02 6.53215558e-03 5.36191982e-04 1.61915949e-05]\n",
      " [0.00000000e+00 0.00000000e+00 0.00000000e+00 0.00000000e+00\n",
      "  0.00000000e+00 0.00000000e+00 0.00000000e+00 3.61283315e-06\n",
      "  1.19640603e-04 1.45752092e-03 6.53215558e-03 1.07697038e-02\n",
      "  6.53215558e-03 1.45752092e-03 1.19640603e-04 3.61283315e-06]\n",
      " [0.00000000e+00 0.00000000e+00 0.00000000e+00 0.00000000e+00\n",
      "  0.00000000e+00 0.00000000e+00 0.00000000e+00 2.96559404e-07\n",
      "  9.82069871e-06 1.19640603e-04 5.36191982e-04 8.84031125e-04\n",
      "  5.36191982e-04 1.19640603e-04 9.82069871e-06 2.96559404e-07]\n",
      " [0.00000000e+00 0.00000000e+00 0.00000000e+00 0.00000000e+00\n",
      "  0.00000000e+00 0.00000000e+00 0.00000000e+00 8.95531804e-09\n",
      "  2.96559404e-07 3.61283315e-06 1.61915949e-05 2.66954268e-05\n",
      "  1.61915949e-05 3.61283315e-06 2.96559404e-07 8.95531804e-09]]\n",
      "Convolved array shape: (512, 512)\n"
     ]
    }
   ],
   "source": [
    "def create_double_gaussian_kernel(size, peak1, peak2, sigma1, sigma2):\n",
    "    kernel = np.zeros((size, size))\n",
    "    \n",
    "    # Create the first Gaussian peak\n",
    "    kernel[peak1] = 1\n",
    "    kernel = gaussian_filter(kernel, sigma=sigma1)\n",
    "    \n",
    "    # Create the second Gaussian peak\n",
    "    kernel2 = np.zeros((size, size))\n",
    "    kernel2[peak2] = 1\n",
    "    kernel2 = gaussian_filter(kernel2, sigma=sigma2)\n",
    "    \n",
    "    # Combine the two Gaussians\n",
    "    combined_kernel = kernel + kernel2\n",
    "    \n",
    "    return combined_kernel\n",
    "\n",
    "# Define the kernel size and Gaussian parameters\n",
    "kernel_size = 16\n",
    "peak1 = (4, 4)  # Position of the first peak\n",
    "peak2 = (11, 11)  # Position of the second peak\n",
    "sigma1 = 1.0  # Standard deviation of the first Gaussian\n",
    "sigma2 = 1.0  # Standard deviation of the second Gaussian\n",
    "\n",
    "# Create the double Gaussian kernel\n",
    "kernel = create_double_gaussian_kernel(kernel_size, peak1, peak2, sigma1, sigma2)\n",
    "\n",
    "# Normalize the kernel\n",
    "kernel /= np.sum(kernel)\n",
    "\n",
    "print(\"Kernel shape:\", kernel.shape)\n",
    "print(kernel)\n",
    "\n",
    "from scipy.ndimage import convolve\n",
    "\n",
    "# Example array of shape (512, 512)\n",
    "array = np.random.rand(512, 512)\n",
    "\n",
    "# Convolve the array with the kernel\n",
    "convolved_array = convolve(array, kernel)\n",
    "\n",
    "print(\"Convolved array shape:\", convolved_array.shape)\n"
   ]
  },
  {
   "cell_type": "code",
   "execution_count": 1114,
   "metadata": {},
   "outputs": [],
   "source": [
    "# custom transforms\n",
    "\n",
    "class Double_tip1(object):\n",
    "  '''\n",
    "  Add a double tip artefact to the image. The parameters of the double tip are chosen randomly so\n",
    "  each image will have a different double tip artefact.\n",
    "  '''\n",
    "\n",
    "  def __init__(self):\n",
    "    pass\n",
    "\n",
    "  def sigmoid(self, x, a,b):\n",
    "    '''\n",
    "    A sigmoid function that takes in an array x and parameters a and b.\n",
    "    This is used to rescale the pixel values in the \"doubled\" image (the brighter ones\n",
    "    are often the ones that are doubled more clearly).\n",
    "    args:\n",
    "    x: array of pixel values\n",
    "    a: parameter of the sigmoid function\n",
    "    b: parameter of the sigmoid function\n",
    "    returns:\n",
    "    array of pixel values rescaled by the sigmoid function\n",
    "    '''\n",
    "    return 1 / (1 + np.exp(a-b*x))\n",
    "\n",
    "  def __call__(self,array):\n",
    "      # get random values for a and b\n",
    "      # can adjust limits, these are preliminary\n",
    "      b = np.random.uniform(8, 10)\n",
    "      num_stds = np.random.uniform(3, 5)\n",
    "      a = (torch.mean(array).item() + num_stds*torch.std(array).item()) * b\n",
    "     # print(a,b,num_stds)\n",
    "      # Apply the sigmoid function to each pixel value\n",
    "      sigmoid_array = self.sigmoid(array,a,b)\n",
    "      # Offset each pixel by a random value in x and y (between 5 and 10)\n",
    "      # Generate random offsets for x and y\n",
    "      offset_min = round(array.shape[1]*2/512)\n",
    "      offset_max = round(array.shape[1]*5/512) \n",
    "      offset_x = torch.randint(offset_min, offset_max, (1,))[0]\n",
    "      offset_y = torch.randint(offset_min, offset_max, (1,))[0]\n",
    "      # make negative with 50% chance\n",
    "      if random.random() < 0.5:\n",
    "        offset_x = -offset_x\n",
    "      if random.random() < 0.5:\n",
    "        offset_y = -offset_y\n",
    "     # print('offset in x and y: ', offset_x, offset_y)\n",
    "\n",
    "      # Ensure offsets are within bounds\n",
    "      _, rows, cols = array.shape\n",
    "\n",
    "      # 80% of the time, apply median filter to sigmoided image,\n",
    "      # other 20% apply gaussian\n",
    "      if random.random() < 0.7:\n",
    "        # random integer between 0 and 11\n",
    "        median_size = np.random.randint(5, 7)\n",
    "        #print('median size: ', median_size)\n",
    "        # Apply median filter to the sigmoid image\n",
    "        filtered_offset = median_filter(sigmoid_array, size=(1,median_size,median_size))\n",
    "      else:\n",
    "        # random num between 1 and 10\n",
    "        gaussian_std = np.random.uniform(1.5, 2.5)\n",
    "       # print('gaussian std: ', gaussian_std)\n",
    "        filtered_offset = gaussian_filter(sigmoid_array, sigma=gaussian_std)\n",
    "\n",
    "      # Create a copy of the base array\n",
    "      result = torch.clone(array)\n",
    "\n",
    "      # Add the add_array to the base_array with the offset\n",
    "      # then crop it so it only includes the parts where the two arrays are overlaid\n",
    "      if offset_x >= 0 and offset_y >= 0:\n",
    "        # Positive offsets\n",
    "        result[:,offset_x:, offset_y:] += filtered_offset[:,:rows-offset_x, :cols-offset_y]\n",
    "        result = result[:,offset_x:, offset_y:]\n",
    "        label = array[:,offset_x:, offset_y:]\n",
    "      elif offset_x >= 0 and offset_y < 0:\n",
    "        # Negative y-offset\n",
    "        result[:,offset_x:, :offset_y] += filtered_offset[:,:rows-offset_x, -offset_y:]\n",
    "        result = result[:,offset_x:, :offset_y]\n",
    "        label = array[:,offset_x:, :offset_y]\n",
    "      elif offset_x < 0 and offset_y >= 0:\n",
    "        # Negative x-offset\n",
    "        result[:,:offset_x, offset_y:] += filtered_offset[:,-offset_x:, :cols-offset_y]\n",
    "        result = result[:,:offset_x, offset_y:]\n",
    "        label = array[:,:offset_x, offset_y:]\n",
    "      else:  # offset_x < 0 and offset_y < 0\n",
    "        # Negative offsets for both x and y\n",
    "        result[:,:offset_x, :offset_y] += filtered_offset[:,-offset_x:, -offset_y:]\n",
    "        result = result[:,:offset_x, :offset_y]\n",
    "        label = array[:,:offset_x, :offset_y]\n",
    "\n",
    "      return torch.stack( (result, label), dim=0)[:,0,:,:]\n",
    "\n",
    "\n",
    "class RandomScanLineArtefact(object):\n",
    "    '''\n",
    "    Randomly adds scan line artefacts to the image.\n",
    "    Does a few different types of scan line artefacts:\n",
    "    - Adds a constant to a single line in the image but for a longer length\n",
    "    - Adds a constant to two lines in the image but for a longer length\n",
    "    - Adds a sinusoidal wave to a single line in the image\n",
    "    - Adds a sinusoidal wave to two lines in the image\n",
    "    - Adds a constant to a single line in the image but for a shorter length\n",
    "    '''\n",
    "    def __init__(self, p):\n",
    "        self.p = p\n",
    "\n",
    "    def __call__(self, scan):\n",
    "        r1 = random.random()\n",
    "        r2 = random.random()\n",
    "        scan_maxmin = (torch.clone(scan)-torch.min(scan))/(torch.max(scan)-torch.min(scan))\n",
    "\n",
    "        if r1 < self.p:\n",
    "          rng = np.random.default_rng() # random number generator\n",
    "          res = scan.shape[1]\n",
    "         # print(res)\n",
    "          num_lines = 15 # number of lines to add artefact to\n",
    "          lines = rng.integers(0,res, (num_lines,)) # which scan lines to augment\n",
    "          columns = rng.integers(0,res-1, (num_lines,)) # the columns where the artefacts begin\n",
    "          lengths = rng.integers(0, int(res*0.8), (num_lines,)) # the length of the artefacts\n",
    "          add_ons = rng.random(size=(num_lines,))/2 # random number between 0 and 0.5 to add on to a scan line\n",
    "          # add constant to single line\n",
    "          for i in range(7):\n",
    "            scan_maxmin[:, lines[i], columns[i]:columns[i]+lengths[i]] = scan_maxmin[:, lines[i], columns[i]:columns[i]+lengths[i]] + add_ons[i]\n",
    "          # add constant to two lines one\n",
    "          for i in range(7,9):\n",
    "            scan_maxmin[:, lines[i]:lines[i]+2, columns[i]:columns[i]+lengths[i]] = scan_maxmin[:, lines[i]:lines[i]+2, columns[i]:columns[i]+lengths[i]] + add_ons[i]\n",
    "          # add sinusoidal to single line\n",
    "          for i in range(9,13):\n",
    "            end_0 = round(res * 200/512)\n",
    "            end_1 = round(res * 314/512)\n",
    "            end = rng.integers(end_0,end_1)\n",
    "            lengths[i] = scan_maxmin[:, lines[i], columns[i]:columns[i]+lengths[i]].shape[0] # correct length in case its too long\n",
    "            cos = np.cos(np.linspace(0, end, num=lengths[i]) )\n",
    "            #print(scan_maxmin[:, lines[i], columns[i]:columns[i]+lengths[i]].shape, scan_maxmin[:, lines[i], columns[i]:columns[i]+lengths[i]].shape, cos*add_ons[i].shape)\n",
    "            scan_maxmin[:, lines[i], columns[i]:columns[i]+lengths[i]] = scan_maxmin[:, lines[i], columns[i]:columns[i]+lengths[i]] + cos*add_ons[i]\n",
    "          # add sinusoidal to two lines\n",
    "          for i in range(13,num_lines):\n",
    "            end_0 = round(res * 200/512)\n",
    "            end_1 = round(res * 314/512)\n",
    "            end = rng.integers(end_0,end_1)\n",
    "            lengths[i] = scan_maxmin[:, lines[i]:lines[i]+2, columns[i]:columns[i]+lengths[i]].shape[1] # correct length in case its too long\n",
    "            cos = np.cos(np.linspace(0, end, num=lengths[i]) )\n",
    "          #  print(scan_maxmin[:, lines[i]:lines[i]+2, columns[i]:columns[i]+lengths[i]].shape, scan_maxmin[:, lines[i]:lines[i]+2, columns[i]:columns[i]+lengths[i]].shape, torch.tensor(cos*add_ons[i]).unsqueeze(0).shape)\n",
    "           \n",
    "            scan_maxmin[:, lines[i]:lines[i]+2, columns[i]:columns[i]+lengths[i]] = scan_maxmin[:, lines[i]:lines[i]+2, columns[i]:columns[i]+lengths[i]] + torch.tensor(cos*add_ons[i]).unsqueeze(0)\n",
    "\n",
    "        if r2 < self.p:\n",
    "          # add some shorter scan line artefacts\n",
    "          rng = np.random.default_rng() # random number generator\n",
    "          res = scan.shape[1]\n",
    "          lines = rng.integers(0,res, (10,)) # which scan lines to augment\n",
    "          columns = rng.integers(0,res, (10,)) # the columns where the artefacts begin\n",
    "          lengths = rng.integers(0, int(res*0.1) , (10,)) # the length of the artefacts\n",
    "          add_ons = rng.random(size=(10,))/1.67 # random number between 0 and ~0.6 to add on to a scan line\n",
    "          for i in range(10):\n",
    "            scan_maxmin[:, lines[i], columns[i]:columns[i]+lengths[i]] =scan_maxmin[:, lines[i], columns[i]:columns[i]+lengths[i]] + add_ons[i]\n",
    "\n",
    "        return scan_maxmin\n",
    "\n",
    "# Custom transformation for random rotation\n",
    "class RandomRotation_(object):\n",
    "    '''\n",
    "    Randomly rotates the image by an angle chosen from a list of angles.\n",
    "    '''\n",
    "    def __init__(self, angles):\n",
    "        self.angles = angles\n",
    "\n",
    "    def __call__(self, img):\n",
    "        img.transpose(0,1)\n",
    "        angle = random.choice(self.angles)\n",
    "        img_ =  F.rotate(img, angle)\n",
    "        img_.transpose(0,1)\n",
    "        return img_\n",
    "\n",
    "\n",
    "class RandomCreep(object):\n",
    "    '''\n",
    "    Adds a creep to the top of the image with a probability of p.\n",
    "    args:\n",
    "    p: probability of adding a creep to the image. The image returned will not be square.\n",
    "       Creep is added to the top or bottom of the image with equal probability. \n",
    "    res: if a resolution is given, the image will be returned with shape (2,res,res) (i.e. square) and there will be\n",
    "         creep in it (with probability p). Otherwise, the returned image will not be square, and the resolution will vary\n",
    "         depending on the creep, further cropping could then cut out the creep.\n",
    "    '''\n",
    "    def __init__(self, p, res=False):\n",
    "        self.p = p\n",
    "        self.res = res\n",
    "\n",
    "    def __call__(self, scan):\n",
    "        r = random.random()\n",
    "        \n",
    "        \n",
    "        if r < self.p:\n",
    "          r2 = random.random() # probability the creep is at bottom or top\n",
    "          gt = scan[1,:,:]\n",
    "          # generate 3 random ints\n",
    "          num_lines = np.random.randint(40,50) # num lines the creep is visible in\n",
    "          a1 = np.random.randint(0,50)\n",
    "          a2 = np.random.randint(0,50) # factors in the creep polynomial\n",
    "          sl = np.random.randint(0,scan.shape[-1]-200) # start line (sl), where the creep starts\n",
    "          # we do scan.shape[-1]-200 to make sure the creep doesn't start too close to the edge (max shift due to creep is 180 pixels)\n",
    "          scan_ = torch.clone(scan[0,:,:]).unsqueeze(0)\n",
    "          #print('num_lines: ', num_lines, 'a1: ', a1, 'a2: ', a2, 'r2: ', r2)\n",
    "          # add creep to top\n",
    "          for i in range(0,num_lines):\n",
    "            j = num_lines-i\n",
    "            roll = (a1*i*i//250 + a2*i*i//100 +i*i//50) // 10\n",
    "            scan_[0,2*j+sl:2*(j+1)+sl,:] = torch.roll(scan[0,2*j+sl:2*(j+1)+sl,:], -roll, dims=1)\n",
    "          max_roll = (a1*(num_lines)**2//250 + a2*(num_lines)**2//100 + (num_lines)**2//50) // 10\n",
    "          \n",
    "          scan_ = scan_[0,sl:,max_roll:-max_roll]\n",
    "          gt = gt[sl:,max_roll:-max_roll]\n",
    "          output = torch.stack((scan_,gt))\n",
    "  \n",
    "          if self.res != False:\n",
    "            output = output[:,0:self.res,:] # make sure creep is visible\n",
    "            output = transforms.RandomCrop(self.res)(output)\n",
    "\n",
    "          # flip with 50% probability\n",
    "          if r2 < 0.5:\n",
    "            output = output.flip(1)\n",
    "          \n",
    "          return output\n",
    "\n",
    "        else:\n",
    "          return scan\n",
    "\n",
    "\n",
    "class MedianFilter(object):\n",
    "    '''\n",
    "    Applies a median filter to the image.\n",
    "    '''\n",
    "    def __init__(self, p):\n",
    "        self.p = p\n",
    "        \n",
    "\n",
    "    def __call__(self, img):\n",
    "          if self.p > random.random():\n",
    "            # Convert the image to a NumPy array\n",
    "            img_np = np.array(img)\n",
    "\n",
    "            \n",
    "            median_size = np.random.randint(2, 4)\n",
    "          # print('median size: ', median_size)\n",
    "\n",
    "            # Apply the median filter\n",
    "            filtered_img_np = median_filter(img_np, size=median_size)\n",
    "\n",
    "            # Convert the filtered image back to a tensor\n",
    "            filtered_img = torch.tensor(filtered_img_np)\n",
    "\n",
    "            return filtered_img\n",
    "          return img\n",
    "\n",
    "\n",
    "class Get_FFT(object):\n",
    "    '''\n",
    "    Applies a 2D FFT to the image.\n",
    "    '''\n",
    "    def __init__(self):\n",
    "        pass\n",
    "\n",
    "    def __call__(self, img):\n",
    "        # make a 2d hanning window to avoid edge effects\n",
    "        hanning = torch.hann_window(img.shape[1])\n",
    "        hanning = hanning.unsqueeze(0) * hanning.unsqueeze(1)\n",
    "\n",
    "        # Apply the 2D FFT\n",
    "        fft_img = torch.fft.fft2(hanning*img[0,:,:])\n",
    "        # shift the zero to centre\n",
    "        fft_img = torch.fft.fftshift(fft_img)\n",
    "\n",
    "        # Compute the magnitude of the FFT\n",
    "        fft_img_real = torch.real(fft_img)\n",
    "        fft_img_real = fft_img_real - torch.mean(fft_img_real)\n",
    "        fft_img_imag = torch.imag(fft_img)\n",
    "        fft_img_imag = fft_img_imag - torch.mean(fft_img_imag)\n",
    "        # max/min normalise both of them\n",
    "        fft_img_real = (fft_img_real - torch.min(fft_img_real))/(torch.max(fft_img_real) - torch.min(fft_img_real))\n",
    "        fft_img_imag = (fft_img_imag - torch.min(fft_img_imag))/(torch.max(fft_img_imag) - torch.min(fft_img_imag))\n",
    "       # print('fft_img_real shape: ', fft_img_real.shape)\n",
    "       # print('fft_img_imag shape: ', fft_img_imag.shape)\n",
    "\n",
    "        return torch.stack((fft_img_real, fft_img_imag), dim=0)"
   ]
  },
  {
   "cell_type": "code",
   "execution_count": 1123,
   "metadata": {},
   "outputs": [],
   "source": [
    "class STM_double_tip_dataset(Dataset):\n",
    "    def __init__(self, image_dir, length = 1500, empty = False):\n",
    "        '''\n",
    "        Args:\n",
    "            image_dir (string): Directory with all the images. These are assumed as being numpy arrays.\n",
    "                                Either with shape (res,res,2) (filled and empty), or just (res,res) (filled only).\n",
    "            empty (bool): If True, the images are assumed as having filled and empty state images and both are wanted.\n",
    "                          If False, we take only the filled state images.\n",
    "            length (int): size of dataset\n",
    "        '''\n",
    "        self.length = length\n",
    "        self.empty = empty\n",
    "        self.image_dir = image_dir\n",
    "        # check all files in image_dir have the same shape\n",
    "        shapes = [np.load(image_dir+f,allow_pickle=True).shape for f in os.listdir(image_dir)]\n",
    "       # print(shapes)\n",
    "        if all(len(s)==3 for s in shapes):\n",
    "            pass\n",
    "        elif all(len(s)==2 for s in shapes):\n",
    "            pass\n",
    "       # else:\n",
    "       #     file_list = [f for f in os.listdir(image_dir) if len(np.load(image_dir+f,allow_pickle=True).shape)==3]\n",
    "        else:\n",
    "            raise ValueError('All files in image_dir must have the same shape. Either (2, res, res) or (res, res). Currently, they are {}'.format(shapes))\n",
    "        # load the data\n",
    "        shape = len(shapes[0])\n",
    "        if empty and shape == 3:\n",
    "            self.image_files = [torch.tensor(np.load(image_dir+f,allow_pickle=True)) for f in os.listdir(image_dir) if os.path.isfile(os.path.join(image_dir, f))]\n",
    "        elif empty and shape == 2:\n",
    "            raise ValueError('empty=True only makes sense if the images have two channels.')\n",
    "        elif not empty and shape == 2:\n",
    "            self.image_files = [torch.tensor(np.load(image_dir+f,allow_pickle=True)) for f in os.listdir(image_dir) if os.path.isfile(os.path.join(image_dir, f))]\n",
    "        elif not empty and shape == 3:\n",
    "            self.image_files = [torch.tensor(np.load(image_dir+f,allow_pickle=True))[0,:,:] for f in os.listdir(image_dir) if os.path.isfile(os.path.join(image_dir, f))]\n",
    "\n",
    "        self.transforms_both = transforms.Compose([\n",
    "            Double_tip1(),\n",
    "            RandomRotation_([0, 90, 180, 270])\n",
    "            ])\n",
    "\n",
    "        self.creep_transform = RandomCreep(1, res=200)\n",
    "\n",
    "        self.transforms_noise = transforms.Compose([\n",
    "            MedianFilter(p=0.5),\n",
    "            #RandomScanLineArtefact(0.7),\n",
    "        ])\n",
    "\n",
    "        '''\n",
    "        Transforms order: random blur, random rotation, random brightness, creep, double tip, crop, resize\n",
    "        '''\n",
    "\n",
    "    def __len__(self):\n",
    "        return self.length\n",
    "\n",
    "    def __getitem__(self, idx):\n",
    "        idx = idx % len(self.image_files)\n",
    "        image = self.image_files[idx].unsqueeze(0)\n",
    "        #print(image.shape)\n",
    "        # max/min normalization\n",
    "        image = (image-torch.min(image))/(torch.max(image)-torch.min(image))\n",
    "        #print(image.shape)\n",
    "        # transforms_both returns the original image (in first channel), and the double tip image in zeroth channel\n",
    "        image = self.transforms_both(image)\n",
    "        # apply creep\n",
    "        #image = self.creep_transform(image[:,:])\n",
    "        \n",
    "        # We crop it after making the double tip, since the Double_tip1 and creep transforms\n",
    "        # returns a non-square array (due to overlaying two images with a random offset in x and y)\n",
    "        image = transforms.RandomCrop(200)(image)\n",
    "\n",
    "        # The \"label\" is the original image, the \"image\" is the image with the double tip\n",
    "        label = image[1,:,:]\n",
    "        image = image[0,:,:]\n",
    "       # print(image.shape)\n",
    "        # Apply noise transforms, these are applied to the image only, not the \"label\"\n",
    "        image = self.transforms_noise(image)\n",
    "       # print(image.shape)\n",
    "\n",
    "        # max/min normalization\n",
    "        image = (image-torch.min(image))/(torch.max(image)-torch.min(image))\n",
    "        label = (label-torch.min(label))/(torch.max(label)-torch.min(label))\n",
    "\n",
    "        # get fft\n",
    "      #  fft = Get_FFT()(image)\n",
    "        #print('fft shape: ', fft.shape)\n",
    "        # stack it with the image to get a 3 channel image\n",
    "      #  image = torch.vstack((image, fft))\n",
    "\n",
    "        return image.float(), label.float()\n",
    "\n",
    "    def get_unaugmented(self, idx):\n",
    "        idx = idx % len(self.image_files)\n",
    "        image = self.image_files[idx].unsqueeze(0)\n",
    "        #print(image.shape)\n",
    "        # max/min normalization\n",
    "        image = (image-torch.min(image))/(torch.max(image)-torch.min(image))\n",
    "       \n",
    "        # We crop it \n",
    "        image = transforms.RandomCrop(256)(image)\n",
    "       \n",
    "        # max/min normalization\n",
    "        image = (image-torch.min(image))/(torch.max(image)-torch.min(image))\n",
    "        \n",
    "        return image.float()"
   ]
  },
  {
   "cell_type": "code",
   "execution_count": 1124,
   "metadata": {},
   "outputs": [],
   "source": [
    "train_dataset = STM_double_tip_dataset(image_dir = 'filled_empty/train/')"
   ]
  },
  {
   "cell_type": "code",
   "execution_count": 1125,
   "metadata": {},
   "outputs": [
    {
     "data": {
